  === A) TEMPORAL: 2015-2023 -> 2024 ===
  TEMPORAL: train=6477 val=1143 test=767

============================================================================================================================================
  A) TEMPORAL: Train 2015-2023 -> Test 2024
============================================================================================================================================

  --- MODEL ---
          Station |  CSI_r  POD_r  FAR_r | CSI_90 POD_90 FAR_90  SEDI90 | CSI_95 POD_95 FAR_95  SEDI95 |   RMSE    MAE   corr |    n P90 P95
  ---------------------------------------------------------------------------------------------------------------------------------------
              ALL |  0.466  0.660  0.387 |  0.173  0.346  0.743   0.550 |  0.350  0.583  0.533   0.816 |   13.5    7.4  0.407 |  767  26  12
         Chevella |  0.518  0.737  0.364 |  0.000  0.000  1.000  -0.687 |  0.000  0.000  1.000  -0.626 |   14.4    8.0 -0.047 |   41   1   0
      Hayathnagar |  0.393  0.569  0.441 |  0.222  0.333  0.600   0.565 |  0.500  0.500  0.000   0.921 |   13.0    8.0  0.421 |  121   6   2
    Ibrahimpatnam |  0.443  0.700  0.453 |  0.100  1.000  0.900   0.992 |  0.250  1.000  0.750   0.997 |   15.2    8.6  0.564 |  121   1   1
          Kondurg |  0.585  0.716  0.238 |  0.091  0.143  0.800   0.278 |  0.250  0.500  0.667   0.741 |   13.9    7.9  0.457 |  121   7   2
      Maheshwaram |  0.493  0.655  0.333 |  0.333  0.500  0.500   0.740 |  1.000  1.000  0.000   1.000 |   10.3    5.6  0.567 |  121   4   2
      Saroornagar |  0.468  0.649  0.373 |  0.286  0.500  0.600   0.717 |  0.333  0.333  0.000   0.875 |   15.3    7.9  0.382 |  121   4   3
         Yacharam |  0.382  0.634  0.509 |  0.167  0.333  0.750   0.568 |  0.250  0.500  0.667   0.741 |   12.1    6.3  0.254 |  121   3   2

  --- ECMWF RAW ---
          Station |  CSI_r  POD_r  FAR_r | CSI_90 POD_90 FAR_90  SEDI90 | CSI_95 POD_95 FAR_95  SEDI95 |   RMSE    MAE   corr |    n P90 P95
  ---------------------------------------------------------------------------------------------------------------------------------------
              ALL |  0.477  0.994  0.522 |  0.194  0.231  0.455   0.562 |  0.429  0.500  0.250   0.810 |   11.7    6.9  0.438 |  767  26  12
         Chevella |  0.463  1.000  0.537 |  0.000  0.000  0.000  -0.000 |  0.000  0.000  0.000  -0.000 |   10.9    7.6  0.330 |   41   1   0
      Hayathnagar |  0.500  1.000  0.500 |  0.167  0.167  0.000   0.802 |  0.500  0.500  0.000   0.921 |   11.5    7.2  0.334 |  121   6   2
    Ibrahimpatnam |  0.439  1.000  0.561 |  0.333  1.000  0.667   0.998 |  1.000  1.000  0.000   1.000 |    8.8    5.6  0.672 |  121   1   1
          Kondurg |  0.573  1.000  0.427 |  0.125  0.143  0.500   0.429 |  0.333  0.500  0.500   0.773 |   12.7    7.8  0.478 |  121   7   2
      Maheshwaram |  0.479  0.966  0.513 |  0.200  0.250  0.500   0.567 |  0.333  0.500  0.500   0.773 |   11.7    6.8  0.439 |  121   4   2
      Saroornagar |  0.491  1.000  0.509 |  0.250  0.250  0.000   0.844 |  0.333  0.333  0.000   0.875 |   14.5    7.2  0.310 |  121   4   3
         Yacharam |  0.376  1.000  0.624 |  0.250  0.333  0.500   0.648 |  0.500  0.500  0.000   0.921 |   10.4    6.3  0.560 |  121   3   2

  === B) REVERSE: 2018-2024 -> 2015-2017 ===
  REVERSE: train=4969 val=877 test=2541

============================================================================================================================================
  B) REVERSE: Train 2018-2024 -> Test 2015-2017
============================================================================================================================================

  --- MODEL ---
          Station |  CSI_r  POD_r  FAR_r | CSI_90 POD_90 FAR_90  SEDI90 | CSI_95 POD_95 FAR_95  SEDI95 |   RMSE    MAE   corr |    n P90 P95
  ---------------------------------------------------------------------------------------------------------------------------------------
              ALL |  0.466  0.655  0.382 |  0.411  0.617  0.448   0.815 |  0.494  0.808  0.440   0.927 |   10.2    4.8  0.724 | 2541  94  52
         Chevella |  0.480  0.667  0.368 |  0.238  0.357  0.583   0.611 |  0.333  0.750  0.625   0.899 |   11.0    5.6  0.602 |  363  14   4
      Hayathnagar |  0.494  0.685  0.361 |  0.571  0.762  0.304   0.896 |  0.524  0.786  0.389   0.908 |   10.0    4.4  0.784 |  363  21  14
    Ibrahimpatnam |  0.453  0.618  0.372 |  0.357  0.556  0.500   0.752 |  0.600  0.900  0.357   0.964 |   12.1    6.2  0.779 |  363  18  10
          Kondurg |  0.431  0.716  0.480 |  0.375  0.500  0.400   0.787 |  0.667  1.000  0.333   1.000 |    7.8    4.0  0.808 |  363   6   2
      Maheshwaram |  0.456  0.618  0.364 |  0.308  0.500  0.556   0.750 |  0.333  0.600  0.571   0.824 |    9.1    4.5  0.612 |  363   8   5
      Saroornagar |  0.524  0.651  0.271 |  0.542  0.929  0.435   0.967 |  0.611  1.000  0.389   0.998 |   10.7    4.5  0.774 |  363  14  11
         Yacharam |  0.416  0.638  0.455 |  0.368  0.538  0.462   0.768 |  0.300  0.500  0.571   0.761 |    9.8    4.3  0.600 |  363  13   6

  --- ECMWF RAW ---
          Station |  CSI_r  POD_r  FAR_r | CSI_90 POD_90 FAR_90  SEDI90 | CSI_95 POD_95 FAR_95  SEDI95 |   RMSE    MAE   corr |    n P90 P95
  ---------------------------------------------------------------------------------------------------------------------------------------
              ALL |  0.393  0.968  0.602 |  0.057  0.074  0.806   0.267 |  0.015  0.019  0.941   0.123 |   14.5    6.6  0.105 | 2541  94  52
         Chevella |  0.433  0.986  0.565 |  0.000  0.000  1.000  -0.610 |  0.000  0.000  1.000  -0.542 |   14.2    7.0  0.085 |  363  14   4
      Hayathnagar |  0.378  0.952  0.614 |  0.038  0.048  0.833   0.166 |  0.000  0.000  1.000  -0.515 |   16.3    7.1  0.038 |  363  21  14
    Ibrahimpatnam |  0.403  0.954  0.589 |  0.045  0.056  0.800   0.217 |  0.000  0.000  1.000  -0.514 |   17.2    7.9  0.186 |  363  18  10
          Kondurg |  0.320  0.982  0.678 |  0.000  0.000  1.000  -0.543 |  0.000  0.000  1.000  -0.542 |   14.5    6.3  0.056 |  363   6   2
      Maheshwaram |  0.433  0.986  0.564 |  0.200  0.250  0.500   0.594 |  0.143  0.200  0.667   0.540 |   10.2    5.4  0.326 |  363   8   5
      Saroornagar |  0.449  0.946  0.539 |  0.111  0.143  0.667   0.405 |  0.000  0.000  1.000  -0.514 |   15.7    6.8  0.073 |  363  14  11
         Yacharam |  0.331  0.971  0.666 |  0.059  0.077  0.800   0.277 |  0.000  0.000  1.000  -0.513 |   12.3    5.9  0.075 |  363  13   6

  === C) RANDOM 70/15/15 ===
  RANDOM: train=4989 val=881 test=1259

============================================================================================================================================
  C) RANDOM 70/15/15 SPLIT
============================================================================================================================================

  --- MODEL ---
          Station |  CSI_r  POD_r  FAR_r | CSI_90 POD_90 FAR_90  SEDI90 | CSI_95 POD_95 FAR_95  SEDI95 |   RMSE    MAE   corr |    n P90 P95
  ---------------------------------------------------------------------------------------------------------------------------------------
              ALL |  0.544  0.667  0.253 |  0.491  0.587  0.250   0.829 |  0.533  0.727  0.333   0.902 |    8.1    3.9  0.761 | 1259  46  22
         Chevella |  0.471  0.586  0.293 |  0.667  1.000  0.333   1.000 |  0.500  0.500  0.000   0.921 |    7.3    3.8  0.544 |  186   2   2
      Hayathnagar |  0.597  0.741  0.246 |  0.750  0.857  0.143   0.956 |  0.571  1.000  0.429   0.998 |    8.0    3.4  0.801 |  172   7   4
    Ibrahimpatnam |  0.447  0.597  0.358 |  0.273  0.429  0.571   0.661 |  0.250  1.000  0.750   0.998 |   10.9    5.2  0.575 |  172   7   1
          Kondurg |  0.663  0.761  0.163 |  0.417  0.455  0.167   0.756 |  0.600  0.600  0.000   0.942 |    9.1    4.7  0.854 |  177  11   5
      Maheshwaram |  0.505  0.618  0.266 |  0.500  0.500  0.000   0.921 |  0.667  0.667  0.000   0.954 |    7.5    3.8  0.799 |  181   8   3
      Saroornagar |  0.691  0.767  0.125 |  0.429  0.600  0.400   0.825 |  0.750  1.000  0.250   1.000 |    6.7    3.0  0.811 |  189   5   3
         Yacharam |  0.408  0.554  0.392 |  0.667  0.667  0.000   0.954 |  0.400  0.500  0.333   0.787 |    7.0    3.4  0.843 |  182   6   4

  --- ECMWF RAW ---
          Station |  CSI_r  POD_r  FAR_r | CSI_90 POD_90 FAR_90  SEDI90 | CSI_95 POD_95 FAR_95  SEDI95 |   RMSE    MAE   corr |    n P90 P95
  ---------------------------------------------------------------------------------------------------------------------------------------
              ALL |  0.411  0.975  0.585 |  0.145  0.174  0.529   0.487 |  0.037  0.045  0.833   0.285 |   12.2    5.7  0.309 | 1259  46  22
         Chevella |  0.386  0.986  0.612 |  0.000  0.000  1.000  -0.511 |  0.000  0.000  1.000  -0.511 |    9.7    5.4  0.249 |  186   2   2
      Hayathnagar |  0.373  0.966  0.622 |  0.125  0.143  0.500   0.459 |  0.000  0.000  1.000  -0.518 |   12.8    6.3  0.295 |  172   7   4
    Ibrahimpatnam |  0.364  0.983  0.634 |  0.286  0.286  0.000   0.859 |  0.000  0.000  0.000  -0.000 |    9.2    4.6  0.517 |  172   7   1
          Kondurg |  0.518  0.989  0.479 |  0.067  0.091  0.800   0.224 |  0.000  0.000  0.000  -0.000 |   17.7    8.0  0.131 |  177  11   5
      Maheshwaram |  0.451  0.961  0.541 |  0.222  0.250  0.333   0.593 |  0.250  0.333  0.500   0.670 |    9.7    5.1  0.592 |  181   8   3
      Saroornagar |  0.417  0.959  0.576 |  0.167  0.200  0.500   0.542 |  0.000  0.000  1.000  -0.510 |   11.4    5.1  0.381 |  189   5   3
         Yacharam |  0.359  0.982  0.638 |  0.143  0.167  0.500   0.497 |  0.000  0.000  1.000  -0.514 |   12.9    5.5  0.149 |  182   6   4

  === D) LOYO ===
    LOYO test=2015...
  LOYO-2015: train=6409 val=1131 test=847

============================================================================================================================================
  D) LOYO test=2015 (train on [2016, 2017, 2018, 2019, 2020, 2021, 2022, 2023, 2024])
============================================================================================================================================

  --- MODEL ---
          Station |  CSI_r  POD_r  FAR_r | CSI_90 POD_90 FAR_90  SEDI90 | CSI_95 POD_95 FAR_95  SEDI95 |   RMSE    MAE   corr |    n P90 P95
  ---------------------------------------------------------------------------------------------------------------------------------------
              ALL |  0.423  0.498  0.262 |  0.379  0.423  0.214   0.754 |  0.438  0.538  0.300   0.823 |    8.0    3.3  0.714 |  847  26  13
         Chevella |  0.435  0.513  0.259 |  0.200  0.200  0.000   0.821 |  0.000  0.000  0.000  -0.000 |    7.4    3.4  0.664 |  121   5   1
      Hayathnagar |  0.538  0.618  0.192 |  0.500  0.667  0.333   0.848 |  0.571  0.667  0.200   0.868 |   10.3    3.9  0.745 |  121   6   6
    Ibrahimpatnam |  0.341  0.395  0.286 |  0.000  0.000  0.000  -0.000 |  0.000  0.000  0.000  -0.000 |    7.6    3.4  0.380 |  121   2   0
          Kondurg |  0.438  0.609  0.391 |  0.000  0.000  0.000  -0.000 |  0.000  0.000  0.000  -0.000 |    6.7    2.6  0.419 |  121   1   0
      Maheshwaram |  0.388  0.432  0.208 |  0.000  0.000  0.000  -0.000 |  0.000  0.000  0.000  -0.000 |    9.2    4.3  0.602 |  121   3   2
      Saroornagar |  0.478  0.524  0.154 |  0.833  1.000  0.167   0.999 |  0.500  0.750  0.400   0.894 |    8.2    3.2  0.851 |  121   5   4
         Yacharam |  0.351  0.448  0.381 |  0.250  0.250  0.000   0.844 |  0.000  0.000  0.000  -0.000 |    6.0    2.5  0.690 |  121   4   0

  --- ECMWF RAW ---
          Station |  CSI_r  POD_r  FAR_r | CSI_90 POD_90 FAR_90  SEDI90 | CSI_95 POD_95 FAR_95  SEDI95 |   RMSE    MAE   corr |    n P90 P95
  ---------------------------------------------------------------------------------------------------------------------------------------
              ALL |  0.345  0.936  0.646 |  0.000  0.000  0.000  -0.000 |  0.000  0.000  0.000  -0.000 |   11.7    4.8  0.070 |  847  26  13
         Chevella |  0.382  1.000  0.618 |  0.000  0.000  0.000  -0.000 |  0.000  0.000  0.000  -0.000 |   10.5    4.7  0.035 |  121   5   1
      Hayathnagar |  0.323  0.882  0.663 |  0.000  0.000  0.000  -0.000 |  0.000  0.000  0.000  -0.000 |   16.6    6.0 -0.075 |  121   6   6
    Ibrahimpatnam |  0.393  0.921  0.593 |  0.000  0.000  0.000  -0.000 |  0.000  0.000  0.000  -0.000 |    8.3    3.9  0.154 |  121   2   0
          Kondurg |  0.204  0.913  0.792 |  0.000  0.000  0.000  -0.000 |  0.000  0.000  0.000  -0.000 |    7.7    4.2  0.344 |  121   1   0
      Maheshwaram |  0.430  0.977  0.566 |  0.000  0.000  0.000  -0.000 |  0.000  0.000  0.000  -0.000 |   10.6    4.8  0.100 |  121   3   2
      Saroornagar |  0.409  0.905  0.573 |  0.000  0.000  0.000  -0.000 |  0.000  0.000  0.000  -0.000 |   16.3    6.1  0.032 |  121   5   4
         Yacharam |  0.284  0.931  0.710 |  0.000  0.000  0.000  -0.000 |  0.000  0.000  0.000  -0.000 |    7.6    3.9  0.328 |  121   4   0
    LOYO test=2016...
  LOYO-2016: train=6409 val=1131 test=847

============================================================================================================================================
  D) LOYO test=2016 (train on [2015, 2017, 2018, 2019, 2020, 2021, 2022, 2023, 2024])
============================================================================================================================================

  --- MODEL ---
          Station |  CSI_r  POD_r  FAR_r | CSI_90 POD_90 FAR_90  SEDI90 | CSI_95 POD_95 FAR_95  SEDI95 |   RMSE    MAE   corr |    n P90 P95
  ---------------------------------------------------------------------------------------------------------------------------------------
              ALL |  0.549  0.799  0.363 |  0.463  0.658  0.390   0.839 |  0.515  0.708  0.346   0.883 |    9.7    5.0  0.757 |  847  38  24
         Chevella |  0.590  0.821  0.324 |  0.429  0.500  0.250   0.771 |  1.000  1.000  0.000   1.000 |    9.5    5.6  0.828 |  121   6   2
      Hayathnagar |  0.515  0.791  0.404 |  0.800  0.889  0.111   0.964 |  0.625  0.833  0.286   0.934 |    8.0    4.0  0.837 |  121   9   6
    Ibrahimpatnam |  0.575  0.764  0.300 |  0.571  0.615  0.111   0.839 |  0.556  0.625  0.167   0.845 |   13.9    7.7  0.824 |  121  13   8
          Kondurg |  0.534  0.886  0.426 |  0.000  0.000  1.000  -0.542 |  0.000  0.000  0.000  -0.000 |    7.5    4.3  0.242 |  121   0   0
      Maheshwaram |  0.500  0.755  0.403 |  0.400  1.000  0.600   0.997 |  0.667  1.000  0.333   0.999 |    8.1    4.2  0.701 |  121   2   2
      Saroornagar |  0.642  0.811  0.246 |  0.444  1.000  0.556   0.996 |  0.375  0.750  0.571   0.873 |    8.9    4.1  0.764 |  121   4   4
         Yacharam |  0.475  0.763  0.442 |  0.000  0.000  1.000  -0.654 |  0.000  0.000  1.000  -0.543 |   10.2    5.1  0.256 |  121   4   2

  --- ECMWF RAW ---
          Station |  CSI_r  POD_r  FAR_r | CSI_90 POD_90 FAR_90  SEDI90 | CSI_95 POD_95 FAR_95  SEDI95 |   RMSE    MAE   corr |    n P90 P95
  ---------------------------------------------------------------------------------------------------------------------------------------
              ALL |  0.438  0.991  0.560 |  0.038  0.053  0.882   0.154 |  0.033  0.042  0.857   0.218 |   16.4    7.9  0.127 |  847  38  24
         Chevella |  0.482  0.982  0.513 |  0.000  0.000  1.000  -0.631 |  0.000  0.000  1.000  -0.543 |   17.8    8.8  0.107 |  121   6   2
      Hayathnagar |  0.406  1.000  0.594 |  0.000  0.000  1.000  -0.634 |  0.000  0.000  1.000  -0.545 |   16.7    8.4 -0.000 |  121   9   6
    Ibrahimpatnam |  0.500  0.982  0.495 |  0.071  0.077  0.500   0.298 |  0.000  0.000  1.000  -0.547 |   24.8   12.0  0.231 |  121  13   8
          Kondurg |  0.389  1.000  0.611 |  0.000  0.000  1.000  -0.542 |  0.000  0.000  1.000  -0.542 |   12.7    6.4  0.277 |  121   0   0
      Maheshwaram |  0.434  1.000  0.566 |  0.333  0.500  0.500   0.773 |  0.500  0.500  0.000   0.921 |    9.3    5.4  0.571 |  121   2   2
      Saroornagar |  0.486  0.981  0.509 |  0.000  0.000  1.000  -0.630 |  0.000  0.000  1.000  -0.544 |   14.8    7.3  0.056 |  121   4   4
         Yacharam |  0.365  1.000  0.635 |  0.000  0.000  1.000  -0.630 |  0.000  0.000  1.000  -0.543 |   14.6    7.2  0.005 |  121   4   2
    LOYO test=2017...
  LOYO-2017: train=6409 val=1131 test=847

============================================================================================================================================
  D) LOYO test=2017 (train on [2015, 2016, 2018, 2019, 2020, 2021, 2022, 2023, 2024])
============================================================================================================================================

  --- MODEL ---
          Station |  CSI_r  POD_r  FAR_r | CSI_90 POD_90 FAR_90  SEDI90 | CSI_95 POD_95 FAR_95  SEDI95 |   RMSE    MAE   corr |    n P90 P95
  ---------------------------------------------------------------------------------------------------------------------------------------
              ALL |  0.412  0.547  0.374 |  0.469  0.500  0.118   0.812 |  0.438  0.467  0.125   0.812 |    8.8    4.5  0.784 |  847  30  15
         Chevella |  0.371  0.500  0.409 |  0.250  0.333  0.500   0.648 |  0.000  0.000  0.000  -0.000 |    9.8    5.8  0.441 |  121   3   1
      Hayathnagar |  0.491  0.596  0.263 |  0.500  0.500  0.000   0.921 |  0.500  0.500  0.000   0.921 |    6.7    3.5  0.860 |  121   6   2
    Ibrahimpatnam |  0.323  0.526  0.545 |  0.500  0.667  0.333   0.868 |  0.333  0.500  0.500   0.773 |   11.4    6.3  0.667 |  121   3   2
          Kondurg |  0.456  0.619  0.366 |  0.400  0.400  0.000   0.896 |  0.500  0.500  0.000   0.921 |   10.4    4.5  0.887 |  121   5   2
      Maheshwaram |  0.406  0.510  0.333 |  0.333  0.333  0.000   0.875 |  1.000  1.000  0.000   1.000 |    7.3    4.0  0.701 |  121   3   1
      Saroornagar |  0.460  0.537  0.237 |  0.600  0.600  0.000   0.942 |  0.333  0.333  0.000   0.875 |    8.0    4.2  0.840 |  121   5   3
         Yacharam |  0.389  0.553  0.432 |  0.600  0.600  0.000   0.942 |  0.500  0.500  0.000   0.921 |    6.8    3.4  0.850 |  121   5   4

  --- ECMWF RAW ---
          Station |  CSI_r  POD_r  FAR_r | CSI_90 POD_90 FAR_90  SEDI90 | CSI_95 POD_95 FAR_95  SEDI95 |   RMSE    MAE   corr |    n P90 P95
  ---------------------------------------------------------------------------------------------------------------------------------------
              ALL |  0.390  0.969  0.606 |  0.114  0.167  0.737   0.403 |  0.000  0.000  1.000  -0.570 |   15.0    7.1  0.087 |  847  30  15
         Chevella |  0.429  0.981  0.568 |  0.000  0.000  1.000  -0.653 |  0.000  0.000  1.000  -0.595 |   13.3    7.4  0.045 |  121   3   1
      Hayathnagar |  0.398  0.957  0.595 |  0.125  0.167  0.667   0.401 |  0.000  0.000  1.000  -0.543 |   15.6    6.8  0.120 |  121   6   2
    Ibrahimpatnam |  0.319  0.947  0.676 |  0.000  0.000  1.000  -0.629 |  0.000  0.000  1.000  -0.543 |   14.2    7.8 -0.096 |  121   3   2
          Kondurg |  0.356  1.000  0.644 |  0.000  0.000  1.000  -0.598 |  0.000  0.000  1.000  -0.596 |   20.2    8.2  0.019 |  121   5   2
      Maheshwaram |  0.435  0.980  0.561 |  0.250  0.333  0.500   0.648 |  0.000  0.000  1.000  -0.595 |   10.7    6.1  0.315 |  121   3   1
      Saroornagar |  0.447  0.944  0.540 |  0.333  0.400  0.333   0.701 |  0.000  0.000  1.000  -0.543 |   15.9    6.9  0.147 |  121   5   3
         Yacharam |  0.339  0.974  0.657 |  0.167  0.200  0.500   0.509 |  0.000  0.000  1.000  -0.544 |   13.6    6.5  0.093 |  121   5   4
    LOYO test=2018...
  LOYO-2018: train=6409 val=1132 test=846

============================================================================================================================================
  D) LOYO test=2018 (train on [2015, 2016, 2017, 2019, 2020, 2021, 2022, 2023, 2024])
============================================================================================================================================

  --- MODEL ---
          Station |  CSI_r  POD_r  FAR_r | CSI_90 POD_90 FAR_90  SEDI90 | CSI_95 POD_95 FAR_95  SEDI95 |   RMSE    MAE   corr |    n P90 P95
  ---------------------------------------------------------------------------------------------------------------------------------------
              ALL |  0.406  0.541  0.381 |  0.524  0.647  0.267   0.871 |  0.455  0.625  0.375   0.866 |    6.8    3.2  0.752 |  846  17   8
         Chevella |  0.449  0.647  0.405 |  0.000  0.000  1.000  -0.543 |  0.000  0.000  1.000  -0.542 |    5.6    2.6  0.587 |  120   2   0
      Hayathnagar |  0.412  0.568  0.400 |  0.500  1.000  0.500   0.999 |  0.000  0.000  0.000  -0.000 |    5.6    2.8  0.624 |  121   1   1
    Ibrahimpatnam |  0.431  0.537  0.312 |  0.875  0.875  0.000   0.985 |  0.571  0.667  0.200   0.867 |    9.6    4.8  0.917 |  120   8   6
          Kondurg |  0.382  0.525  0.417 |  0.333  0.333  0.000   0.875 |  1.000  1.000  0.000   1.000 |    6.3    3.3  0.828 |  121   3   1
      Maheshwaram |  0.439  0.510  0.242 |  1.000  1.000  0.000   1.000 |  0.000  0.000  0.000  -0.000 |    5.0    2.4  0.654 |  121   1   0
      Saroornagar |  0.392  0.556  0.429 |  0.500  1.000  0.500   0.999 |  0.000  0.000  0.000  -0.000 |    6.6    3.1  0.470 |  121   1   0
         Yacharam |  0.326  0.455  0.464 |  0.000  0.000  1.000  -0.542 |  0.000  0.000  1.000  -0.541 |    7.4    3.2  0.312 |  122   1   0

  --- ECMWF RAW ---
          Station |  CSI_r  POD_r  FAR_r | CSI_90 POD_90 FAR_90  SEDI90 | CSI_95 POD_95 FAR_95  SEDI95 |   RMSE    MAE   corr |    n P90 P95
  ---------------------------------------------------------------------------------------------------------------------------------------
              ALL |  0.357  0.993  0.642 |  0.000  0.000  1.000  -0.602 |  0.000  0.000  1.000  -0.455 |   10.5    4.7  0.280 |  846  17   8
         Chevella |  0.306  1.000  0.694 |  0.000  0.000  1.000  -0.597 |  0.000  0.000  1.000  -0.542 |    8.9    4.0  0.369 |  120   2   0
      Hayathnagar |  0.363  1.000  0.637 |  0.000  0.000  1.000  -0.628 |  0.000  0.000  0.000  -0.000 |    9.0    4.2  0.128 |  121   1   1
    Ibrahimpatnam |  0.374  0.976  0.623 |  0.000  0.000  1.000  -0.547 |  0.000  0.000  0.000  -0.000 |   18.0    7.8  0.514 |  120   8   6
          Kondurg |  0.348  1.000  0.652 |  0.000  0.000  1.000  -0.597 |  0.000  0.000  0.000  -0.000 |    9.8    5.3  0.401 |  121   3   1
      Maheshwaram |  0.441  1.000  0.559 |  0.000  0.000  1.000  -0.595 |  0.000  0.000  1.000  -0.542 |    7.1    3.6  0.542 |  121   1   0
      Saroornagar |  0.353  1.000  0.647 |  0.000  0.000  1.000  -0.628 |  0.000  0.000  0.000  -0.000 |    8.9    4.5  0.151 |  121   1   0
         Yacharam |  0.311  0.970  0.686 |  0.000  0.000  1.000  -0.595 |  0.000  0.000  0.000  -0.000 |    7.9    3.8  0.227 |  122   1   0
    LOYO test=2019...
  LOYO-2019: train=6409 val=1132 test=846

============================================================================================================================================
  D) LOYO test=2019 (train on [2015, 2016, 2017, 2018, 2020, 2021, 2022, 2023, 2024])
============================================================================================================================================

  --- MODEL ---
          Station |  CSI_r  POD_r  FAR_r | CSI_90 POD_90 FAR_90  SEDI90 | CSI_95 POD_95 FAR_95  SEDI95 |   RMSE    MAE   corr |    n P90 P95
  ---------------------------------------------------------------------------------------------------------------------------------------
              ALL |  0.514  0.680  0.322 |  0.150  0.150  0.000   0.791 |  0.333  0.333  0.000   0.875 |    7.6    3.8  0.647 |  846  20   6
         Chevella |  0.476  0.625  0.333 |  0.000  0.000  0.000  -0.000 |  0.000  0.000  0.000  -0.000 |    7.1    4.0  0.204 |  121   1   0
      Hayathnagar |  0.536  0.714  0.318 |  0.000  0.000  0.000  -0.000 |  0.000  0.000  0.000  -0.000 |    6.2    3.3  0.739 |  121   4   0
    Ibrahimpatnam |  0.429  0.614  0.413 |  0.500  0.500  0.000   0.921 |  0.500  0.500  0.000   0.921 |    8.1    4.4  0.791 |  120   4   2
          Kondurg |  0.589  0.767  0.283 |  0.000  0.000  0.000  -0.000 |  0.000  0.000  0.000  -0.000 |    6.8    3.4  0.493 |  121   2   0
      Maheshwaram |  0.485  0.647  0.340 |  0.000  0.000  0.000  -0.000 |  0.000  0.000  0.000  -0.000 |   10.8    5.0  0.373 |  121   5   2
      Saroornagar |  0.593  0.762  0.273 |  0.000  0.000  0.000  -0.000 |  0.000  0.000  0.000  -0.000 |    7.3    3.6  0.492 |  121   2   0
         Yacharam |  0.517  0.652  0.286 |  0.500  0.500  0.000   0.921 |  0.500  0.500  0.000   0.921 |    5.9    2.8  0.879 |  121   2   2

  --- ECMWF RAW ---
          Station |  CSI_r  POD_r  FAR_r | CSI_90 POD_90 FAR_90  SEDI90 | CSI_95 POD_95 FAR_95  SEDI95 |   RMSE    MAE   corr |    n P90 P95
  ---------------------------------------------------------------------------------------------------------------------------------------
              ALL |  0.395  0.959  0.598 |  0.038  0.050  0.857   0.247 |  0.000  0.000  0.000  -0.000 |    9.8    5.2  0.209 |  846  20   6
         Chevella |  0.429  1.000  0.571 |  0.000  0.000  1.000  -0.542 |  0.000  0.000  0.000  -0.000 |    7.5    4.9  0.274 |  121   1   0
      Hayathnagar |  0.368  0.929  0.621 |  0.000  0.000  1.000  -0.544 |  0.000  0.000  0.000  -0.000 |    9.1    5.0  0.171 |  121   4   0
    Ibrahimpatnam |  0.391  0.977  0.606 |  0.000  0.000  1.000  -0.598 |  0.000  0.000  0.000  -0.000 |   12.1    6.0  0.149 |  120   4   2
          Kondurg |  0.384  1.000  0.616 |  0.000  0.000  1.000  -0.543 |  0.000  0.000  0.000  -0.000 |    8.4    5.3  0.185 |  121   2   0
      Maheshwaram |  0.425  0.941  0.564 |  0.200  0.200  0.000   0.821 |  0.000  0.000  0.000  -0.000 |   11.5    5.8  0.149 |  121   5   2
      Saroornagar |  0.368  0.929  0.621 |  0.000  0.000  1.000  -0.543 |  0.000  0.000  0.000  -0.000 |    8.6    5.2  0.243 |  121   2   0
         Yacharam |  0.398  0.935  0.591 |  0.000  0.000  0.000  -0.000 |  0.000  0.000  0.000  -0.000 |   10.3    4.5  0.372 |  121   2   2
    LOYO test=2020...
  LOYO-2020: train=6409 val=1131 test=847

============================================================================================================================================
  D) LOYO test=2020 (train on [2015, 2016, 2017, 2018, 2019, 2021, 2022, 2023, 2024])
============================================================================================================================================

  --- MODEL ---
          Station |  CSI_r  POD_r  FAR_r | CSI_90 POD_90 FAR_90  SEDI90 | CSI_95 POD_95 FAR_95  SEDI95 |   RMSE    MAE   corr |    n P90 P95
  ---------------------------------------------------------------------------------------------------------------------------------------
              ALL |  0.518  0.600  0.209 |  0.404  0.429  0.125   0.757 |  0.407  0.440  0.154   0.778 |    8.8    4.5  0.813 |  847  49  25
         Chevella |  0.492  0.623  0.298 |  0.500  0.667  0.333   0.868 |  1.000  1.000  0.000   1.000 |    7.2    4.1  0.817 |  121   3   2
      Hayathnagar |  0.611  0.717  0.195 |  0.500  0.500  0.000   0.921 |  0.400  0.400  0.000   0.896 |    7.3    3.9  0.881 |  121   8   5
    Ibrahimpatnam |  0.517  0.612  0.231 |  0.300  0.300  0.000   0.864 |  0.750  0.750  0.000   0.968 |    9.7    4.9  0.905 |  121  10   4
          Kondurg |  0.540  0.645  0.231 |  0.333  0.400  0.333   0.701 |  0.000  0.000  0.000  -0.000 |    9.5    5.5  0.691 |  121   5   3
      Maheshwaram |  0.464  0.525  0.200 |  0.429  0.429  0.000   0.903 |  0.500  0.500  0.000   0.921 |    8.2    4.2  0.866 |  121   7   4
      Saroornagar |  0.576  0.654  0.171 |  0.300  0.333  0.250   0.644 |  0.167  0.200  0.500   0.509 |   11.0    4.6  0.604 |  121   9   5
         Yacharam |  0.446  0.468  0.094 |  0.571  0.571  0.000   0.936 |  0.333  0.500  0.500   0.773 |    8.2    4.6  0.887 |  121   7   2

  --- ECMWF RAW ---
          Station |  CSI_r  POD_r  FAR_r | CSI_90 POD_90 FAR_90  SEDI90 | CSI_95 POD_95 FAR_95  SEDI95 |   RMSE    MAE   corr |    n P90 P95
  ---------------------------------------------------------------------------------------------------------------------------------------
              ALL |  0.468  0.982  0.528 |  0.077  0.102  0.762   0.271 |  0.000  0.000  1.000  -0.554 |   14.4    7.5  0.233 |  847  49  25
         Chevella |  0.441  0.981  0.556 |  0.000  0.000  1.000  -0.543 |  0.000  0.000  0.000  -0.000 |   11.4    6.5  0.320 |  121   3   2
      Hayathnagar |  0.407  1.000  0.593 |  0.000  0.000  1.000  -0.633 |  0.000  0.000  1.000  -0.598 |   14.4    7.5  0.192 |  121   8   5
    Ibrahimpatnam |  0.429  0.980  0.568 |  0.167  0.200  0.500   0.445 |  0.000  0.000  1.000  -0.597 |   18.0    8.4  0.230 |  121  10   4
          Kondurg |  0.517  1.000  0.483 |  0.143  0.200  0.667   0.450 |  0.000  0.000  1.000  -0.543 |   12.3    7.6  0.248 |  121   5   3
      Maheshwaram |  0.526  1.000  0.474 |  0.111  0.143  0.667   0.362 |  0.000  0.000  0.000  -0.000 |   13.2    7.3  0.371 |  121   7   4
      Saroornagar |  0.447  0.981  0.549 |  0.000  0.000  1.000  -0.634 |  0.000  0.000  1.000  -0.598 |   14.0    7.5  0.207 |  121   9   5
         Yacharam |  0.504  0.935  0.477 |  0.100  0.143  0.750   0.316 |  0.000  0.000  1.000  -0.543 |   16.6    7.6  0.135 |  121   7   2
    LOYO test=2021...
  LOYO-2021: train=6409 val=1131 test=847

============================================================================================================================================
  D) LOYO test=2021 (train on [2015, 2016, 2017, 2018, 2019, 2020, 2022, 2023, 2024])
============================================================================================================================================

  --- MODEL ---
          Station |  CSI_r  POD_r  FAR_r | CSI_90 POD_90 FAR_90  SEDI90 | CSI_95 POD_95 FAR_95  SEDI95 |   RMSE    MAE   corr |    n P90 P95
  ---------------------------------------------------------------------------------------------------------------------------------------
              ALL |  0.501  0.590  0.232 |  0.383  0.439  0.250   0.737 |  0.304  0.333  0.222   0.708 |    9.1    4.5  0.748 |  847  41  21
         Chevella |  0.475  0.580  0.275 |  0.333  0.400  0.333   0.701 |  1.000  1.000  0.000   1.000 |    9.1    4.8  0.600 |  120   5   2
      Hayathnagar |  0.525  0.660  0.279 |  0.300  0.333  0.250   0.645 |  0.250  0.250  0.000   0.844 |   10.4    4.8  0.848 |  122   9   4
    Ibrahimpatnam |  0.596  0.674  0.162 |  0.444  0.500  0.200   0.771 |  0.500  0.500  0.000   0.921 |    9.6    4.2  0.769 |  121   8   4
          Kondurg |  0.468  0.569  0.275 |  0.429  0.500  0.250   0.771 |  0.000  0.000  1.000  -0.543 |    8.0    4.6  0.715 |  121   6   3
      Maheshwaram |  0.544  0.620  0.184 |  0.500  0.500  0.000   0.921 |  0.333  0.333  0.000   0.875 |    7.5    3.3  0.799 |  121   4   3
      Saroornagar |  0.531  0.607  0.191 |  0.429  0.500  0.250   0.771 |  0.250  0.250  0.000   0.844 |    9.6    4.9  0.809 |  121   6   4
         Yacharam |  0.387  0.444  0.250 |  0.250  0.333  0.500   0.648 |  0.000  0.000  1.000  -0.542 |    9.1    4.9  0.553 |  121   3   1

  --- ECMWF RAW ---
          Station |  CSI_r  POD_r  FAR_r | CSI_90 POD_90 FAR_90  SEDI90 | CSI_95 POD_95 FAR_95  SEDI95 |   RMSE    MAE   corr |    n P90 P95
  ---------------------------------------------------------------------------------------------------------------------------------------
              ALL |  0.444  0.983  0.552 |  0.078  0.098  0.714   0.315 |  0.031  0.048  0.917   0.176 |   13.9    6.5  0.263 |  847  41  21
         Chevella |  0.439  1.000  0.561 |  0.000  0.000  1.000  -0.599 |  0.000  0.000  1.000  -0.597 |   13.9    6.3  0.168 |  120   5   2
      Hayathnagar |  0.423  1.000  0.577 |  0.000  0.000  1.000  -0.600 |  0.000  0.000  1.000  -0.597 |   18.4    7.6  0.153 |  122   9   4
    Ibrahimpatnam |  0.393  0.957  0.600 |  0.111  0.125  0.500   0.399 |  0.000  0.000  1.000  -0.544 |   14.2    6.5  0.252 |  121   8   4
          Kondurg |  0.451  1.000  0.549 |  0.143  0.167  0.500   0.465 |  0.000  0.000  1.000  -0.597 |   10.9    6.5  0.446 |  121   6   3
      Maheshwaram |  0.443  1.000  0.557 |  0.200  0.250  0.500   0.567 |  0.250  0.333  0.500   0.648 |   11.0    5.6  0.489 |  121   4   3
      Saroornagar |  0.495  0.982  0.500 |  0.000  0.000  1.000  -0.599 |  0.000  0.000  1.000  -0.597 |   16.7    7.4  0.183 |  121   6   4
         Yacharam |  0.468  0.944  0.519 |  0.250  0.333  0.500   0.648 |  0.000  0.000  1.000  -0.542 |   10.2    5.6  0.356 |  121   3   1
    LOYO test=2022...
  LOYO-2022: train=6409 val=1131 test=847

============================================================================================================================================
  D) LOYO test=2022 (train on [2015, 2016, 2017, 2018, 2019, 2020, 2021, 2023, 2024])
============================================================================================================================================

  --- MODEL ---
          Station |  CSI_r  POD_r  FAR_r | CSI_90 POD_90 FAR_90  SEDI90 | CSI_95 POD_95 FAR_95  SEDI95 |   RMSE    MAE   corr |    n P90 P95
  ---------------------------------------------------------------------------------------------------------------------------------------
              ALL |  0.561  0.690  0.251 |  0.357  0.476  0.412   0.722 |  0.522  0.632  0.250   0.863 |    8.4    4.4  0.792 |  847  42  19
         Chevella |  0.548  0.756  0.333 |  0.375  0.429  0.250   0.722 |  0.750  1.000  0.250   0.999 |    9.3    4.7  0.887 |  121   7   3
      Hayathnagar |  0.574  0.673  0.204 |  0.250  0.400  0.600   0.631 |  0.250  0.333  0.500   0.648 |   10.0    5.0  0.725 |  121   5   3
    Ibrahimpatnam |  0.533  0.696  0.304 |  0.364  0.667  0.556   0.807 |  0.750  1.000  0.250   0.999 |    8.7    4.9  0.814 |  120   6   3
          Kondurg |  0.557  0.672  0.235 |  0.556  0.714  0.286   0.875 |  0.200  0.250  0.500   0.567 |    7.3    4.3  0.815 |  121   7   4
      Maheshwaram |  0.559  0.667  0.225 |  0.200  0.200  0.000   0.821 |  0.000  0.000  0.000  -0.000 |    8.3    4.7  0.495 |  121   5   0
      Saroornagar |  0.621  0.720  0.182 |  0.375  0.500  0.400   0.740 |  0.667  0.667  0.000   0.954 |    6.4    3.2  0.840 |  122   6   3
         Yacharam |  0.534  0.660  0.262 |  0.286  0.333  0.333   0.646 |  0.667  0.667  0.000   0.954 |    8.5    3.8  0.750 |  121   6   3

  --- ECMWF RAW ---
          Station |  CSI_r  POD_r  FAR_r | CSI_90 POD_90 FAR_90  SEDI90 | CSI_95 POD_95 FAR_95  SEDI95 |   RMSE    MAE   corr |    n P90 P95
  ---------------------------------------------------------------------------------------------------------------------------------------
              ALL |  0.450  0.978  0.546 |  0.146  0.167  0.462   0.477 |  0.040  0.053  0.857   0.256 |   12.8    6.3  0.353 |  847  42  19
         Chevella |  0.405  1.000  0.595 |  0.143  0.143  0.000   0.786 |  0.000  0.000  1.000  -0.543 |   16.7    7.5  0.304 |  121   7   3
      Hayathnagar |  0.472  0.981  0.523 |  0.167  0.200  0.500   0.509 |  0.333  0.333  0.000   0.875 |   13.6    6.1  0.365 |  121   5   3
    Ibrahimpatnam |  0.405  0.978  0.591 |  0.143  0.167  0.500   0.464 |  0.000  0.000  1.000  -0.597 |   14.9    6.7  0.214 |  120   6   3
          Kondurg |  0.491  0.966  0.500 |  0.125  0.143  0.500   0.429 |  0.000  0.000  0.000  -0.000 |   10.9    6.5  0.465 |  121   7   4
      Maheshwaram |  0.509  1.000  0.491 |  0.167  0.200  0.500   0.509 |  0.000  0.000  1.000  -0.542 |    9.0    5.7  0.464 |  121   5   0
      Saroornagar |  0.454  0.980  0.542 |  0.333  0.333  0.000   0.875 |  0.000  0.000  1.000  -0.543 |   10.8    5.5  0.397 |  122   6   3
         Yacharam |  0.407  0.936  0.581 |  0.000  0.000  1.000  -0.599 |  0.000  0.000  1.000  -0.543 |   12.0    6.3  0.389 |  121   6   3
    LOYO test=2023...
  LOYO-2023: train=6409 val=1132 test=846

============================================================================================================================================
  D) LOYO test=2023 (train on [2015, 2016, 2017, 2018, 2019, 2020, 2021, 2022, 2024])
============================================================================================================================================

  --- MODEL ---
          Station |  CSI_r  POD_r  FAR_r | CSI_90 POD_90 FAR_90  SEDI90 | CSI_95 POD_95 FAR_95  SEDI95 |   RMSE    MAE   corr |    n P90 P95
  ---------------------------------------------------------------------------------------------------------------------------------------
              ALL |  0.382  0.523  0.414 |  0.158  0.257  0.710   0.476 |  0.111  0.158  0.727   0.443 |   13.0    5.8  0.386 |  846  35  19
         Chevella |  0.455  0.556  0.286 |  0.375  0.600  0.500   0.789 |  0.400  0.667  0.500   0.849 |   12.2    5.4  0.519 |  120   5   3
      Hayathnagar |  0.362  0.553  0.488 |  0.250  0.400  0.600   0.630 |  0.000  0.000  1.000  -0.545 |   11.6    5.6  0.551 |  120   5   4
    Ibrahimpatnam |  0.302  0.485  0.556 |  0.100  0.333  0.875   0.472 |  0.000  0.000  1.000  -0.542 |   12.9    6.0  0.230 |  121   3   1
          Kondurg |  0.453  0.547  0.275 |  0.000  0.000  1.000  -0.599 |  0.000  0.000  1.000  -0.543 |   17.0    6.7  0.269 |  122   8   4
      Maheshwaram |  0.344  0.468  0.436 |  0.167  0.250  0.667   0.513 |  0.250  0.500  0.667   0.741 |   12.6    5.9  0.457 |  121   4   2
      Saroornagar |  0.368  0.568  0.488 |  0.250  0.400  0.600   0.631 |  0.000  0.000  1.000  -0.543 |   12.9    6.1  0.461 |  121   5   3
         Yacharam |  0.367  0.474  0.379 |  0.000  0.000  1.000  -0.598 |  0.000  0.000  0.000  -0.000 |   10.7    4.5  0.272 |  121   5   2

  --- ECMWF RAW ---
          Station |  CSI_r  POD_r  FAR_r | CSI_90 POD_90 FAR_90  SEDI90 | CSI_95 POD_95 FAR_95  SEDI95 |   RMSE    MAE   corr |    n P90 P95
  ---------------------------------------------------------------------------------------------------------------------------------------
              ALL |  0.386  0.933  0.603 |  0.133  0.171  0.625   0.442 |  0.031  0.053  0.929   0.174 |   13.2    5.7  0.394 |  846  35  19
         Chevella |  0.481  0.963  0.509 |  0.000  0.000  1.000  -0.599 |  0.000  0.000  1.000  -0.597 |   15.5    6.2  0.340 |  120   5   3
      Hayathnagar |  0.324  0.868  0.660 |  0.167  0.200  0.500   0.509 |  0.200  0.250  0.500   0.567 |   12.1    5.3  0.499 |  120   5   4
    Ibrahimpatnam |  0.324  1.000  0.676 |  0.250  0.333  0.500   0.648 |  0.000  0.000  1.000  -0.595 |   10.3    4.5  0.482 |  121   3   1
          Kondurg |  0.486  0.962  0.505 |  0.100  0.125  0.667   0.332 |  0.000  0.000  1.000  -0.597 |   16.7    7.2  0.287 |  122   8   4
      Maheshwaram |  0.398  0.915  0.587 |  0.200  0.250  0.500   0.567 |  0.000  0.000  1.000  -0.596 |   11.5    5.4  0.517 |  121   4   2
      Saroornagar |  0.330  0.892  0.656 |  0.167  0.200  0.500   0.509 |  0.000  0.000  1.000  -0.597 |   13.5    6.1  0.414 |  121   5   3
         Yacharam |  0.350  0.921  0.639 |  0.143  0.200  0.667   0.450 |  0.000  0.000  1.000  -0.596 |   11.5    5.0  0.431 |  121   5   2
    LOYO test=2024...
  LOYO-2024: train=6477 val=1143 test=767

============================================================================================================================================
  D) LOYO test=2024 (train on [2015, 2016, 2017, 2018, 2019, 2020, 2021, 2022, 2023])
============================================================================================================================================

  --- MODEL ---
          Station |  CSI_r  POD_r  FAR_r | CSI_90 POD_90 FAR_90  SEDI90 | CSI_95 POD_95 FAR_95  SEDI95 |   RMSE    MAE   corr |    n P90 P95
  ---------------------------------------------------------------------------------------------------------------------------------------
              ALL |  0.466  0.660  0.387 |  0.173  0.346  0.743   0.550 |  0.350  0.583  0.533   0.816 |   13.5    7.4  0.407 |  767  26  12
         Chevella |  0.518  0.737  0.364 |  0.000  0.000  1.000  -0.687 |  0.000  0.000  1.000  -0.626 |   14.4    8.0 -0.047 |   41   1   0
      Hayathnagar |  0.393  0.569  0.441 |  0.222  0.333  0.600   0.565 |  0.500  0.500  0.000   0.921 |   13.0    8.0  0.421 |  121   6   2
    Ibrahimpatnam |  0.443  0.700  0.453 |  0.100  1.000  0.900   0.992 |  0.250  1.000  0.750   0.997 |   15.2    8.6  0.564 |  121   1   1
          Kondurg |  0.585  0.716  0.238 |  0.091  0.143  0.800   0.278 |  0.250  0.500  0.667   0.741 |   13.9    7.9  0.457 |  121   7   2
      Maheshwaram |  0.493  0.655  0.333 |  0.333  0.500  0.500   0.740 |  1.000  1.000  0.000   1.000 |   10.3    5.6  0.567 |  121   4   2
      Saroornagar |  0.468  0.649  0.373 |  0.286  0.500  0.600   0.717 |  0.333  0.333  0.000   0.875 |   15.3    7.9  0.382 |  121   4   3
         Yacharam |  0.382  0.634  0.509 |  0.167  0.333  0.750   0.568 |  0.250  0.500  0.667   0.741 |   12.1    6.3  0.254 |  121   3   2

  --- ECMWF RAW ---
          Station |  CSI_r  POD_r  FAR_r | CSI_90 POD_90 FAR_90  SEDI90 | CSI_95 POD_95 FAR_95  SEDI95 |   RMSE    MAE   corr |    n P90 P95
  ---------------------------------------------------------------------------------------------------------------------------------------
              ALL |  0.477  0.994  0.522 |  0.194  0.231  0.455   0.562 |  0.429  0.500  0.250   0.810 |   11.7    6.9  0.438 |  767  26  12
         Chevella |  0.463  1.000  0.537 |  0.000  0.000  0.000  -0.000 |  0.000  0.000  0.000  -0.000 |   10.9    7.6  0.330 |   41   1   0
      Hayathnagar |  0.500  1.000  0.500 |  0.167  0.167  0.000   0.802 |  0.500  0.500  0.000   0.921 |   11.5    7.2  0.334 |  121   6   2
    Ibrahimpatnam |  0.439  1.000  0.561 |  0.333  1.000  0.667   0.998 |  1.000  1.000  0.000   1.000 |    8.8    5.6  0.672 |  121   1   1
          Kondurg |  0.573  1.000  0.427 |  0.125  0.143  0.500   0.429 |  0.333  0.500  0.500   0.773 |   12.7    7.8  0.478 |  121   7   2
      Maheshwaram |  0.479  0.966  0.513 |  0.200  0.250  0.500   0.567 |  0.333  0.500  0.500   0.773 |   11.7    6.8  0.439 |  121   4   2
      Saroornagar |  0.491  1.000  0.509 |  0.250  0.250  0.000   0.844 |  0.333  0.333  0.000   0.875 |   14.5    7.2  0.310 |  121   4   3
         Yacharam |  0.376  1.000  0.624 |  0.250  0.333  0.500   0.648 |  0.500  0.500  0.000   0.921 |   10.4    6.3  0.560 |  121   3   2

============================================================================================================================================
  D-MEAN) LOYO MEAN (averaged across 10 years)
============================================================================================================================================

  --- MODEL ---
          Station |  CSI_r  POD_r  FAR_r | CSI_90 POD_90 FAR_90  SEDI90 | CSI_95 POD_95 FAR_95  SEDI95 |   RMSE    MAE   corr
  ---------------------------------------------------------------------------------------------------------------------------------------
              ALL |  0.473  0.613  0.319 |  0.346  0.433  0.323   0.731 |  0.387  0.482  0.303   0.787 |    9.4    4.6  0.680
         Chevella |  0.481  0.636  0.329 |  0.246  0.313  0.417   0.409 |  0.415  0.467  0.275   0.368 |    9.2    4.8  0.550
      Hayathnagar |  0.496  0.646  0.318 |  0.382  0.502  0.299   0.712 |  0.310  0.348  0.199   0.549 |    8.9    4.5  0.723
    Ibrahimpatnam |  0.449  0.600  0.356 |  0.375  0.546  0.297   0.752 |  0.421  0.554  0.287   0.675 |   10.7    5.5  0.686
          Kondurg |  0.500  0.656  0.314 |  0.214  0.249  0.367   0.325 |  0.195  0.225  0.317   0.214 |    9.4    4.7  0.582
      Maheshwaram |  0.462  0.579  0.291 |  0.336  0.421  0.177   0.677 |  0.375  0.433  0.100   0.554 |    8.7    4.4  0.621
      Saroornagar |  0.513  0.639  0.274 |  0.402  0.583  0.332   0.744 |  0.262  0.328  0.247   0.528 |    9.4    4.5  0.651
         Yacharam |  0.418  0.555  0.350 |  0.262  0.292  0.458   0.371 |  0.225  0.267  0.417   0.268 |    8.5    4.1  0.570

  --- ECMWF RAW ---
          Station |  CSI_r  POD_r  FAR_r | CSI_90 POD_90 FAR_90  SEDI90 | CSI_95 POD_95 FAR_95  SEDI95 |   RMSE    MAE   corr
  ---------------------------------------------------------------------------------------------------------------------------------------
              ALL |  0.415  0.972  0.580 |  0.082  0.104  0.649   0.227 |  0.056  0.069  0.681   0.006 |   12.9    6.3  0.245
         Chevella |  0.426  0.991  0.572 |  0.014  0.014  0.700  -0.338 |  0.000  0.000  0.600  -0.342 |   12.6    6.4  0.229
      Hayathnagar |  0.398  0.962  0.596 |  0.063  0.073  0.667  -0.082 |  0.103  0.108  0.450   0.008 |   13.7    6.4  0.189
    Ibrahimpatnam |  0.397  0.972  0.599 |  0.108  0.190  0.617   0.148 |  0.100  0.100  0.600  -0.242 |   14.3    6.9  0.280
          Kondurg |  0.420  0.984  0.578 |  0.064  0.078  0.683  -0.018 |  0.033  0.050  0.550  -0.210 |   12.2    6.5  0.315
      Maheshwaram |  0.452  0.978  0.544 |  0.166  0.213  0.467   0.422 |  0.108  0.133  0.500   0.007 |   10.6    5.6  0.396
      Saroornagar |  0.428  0.959  0.565 |  0.108  0.118  0.583  -0.010 |  0.033  0.033  0.600  -0.255 |   13.4    6.4  0.214
         Yacharam |  0.380  0.955  0.612 |  0.091  0.121  0.592   0.075 |  0.050  0.050  0.600  -0.239 |   11.5    5.7  0.290

  Saved: D:\NEW_NRSC\final_model_baseline\9x9_v3\final_ensemble\station_final_results.json
